111 j 11111111 11111 1111111. 11.
111111111111111111111111111 iungitur. 1111111111

11111111 d 111111111111111111 nouat, 111111. 81 111111111111111111111111-
1111 1 111 quotum 1111111. vm 111 qu 111111111111111111111111111111111111
’ edem 11 0111111111 (1111 11111111 11111 111111. 1, 111511. 1111111111111111111111111
11111111), moutam 11111111111111111111 1111111111 1111111111111111311 11 011 1111
11111 um 111111-111111111ς 111 1111111111 111- 81111111111111111111111111111111111111-
111111 1111111111 penus {ortermos 111 omme· 111111 11 11111111111111111, 11111 11111
1111111111 111 mure, 11111 111 11111111 smn- 13111111111111111111111111111111111111111
11111111 111 111111111111111111. cu or- 111111111111111111111111111111111111111
111111111111111111111111111 1111111 111 a· 111 1311111111, 111111111111111111111111-
dor (11111. 1111111 11111.11111111.4111 111111,11111111111 1111811111 1111111111
111111). 111111111111111111 11111 11111 11111111 1111111 1111111111. p. 1111
11111111 11111111, 11111111 1111111111 (1111· 1111 dor 1111111111111, 11111111 111111
1111111111 111111111111111111, 11111111 (11111111111111111111 11111111 1111-
111111111111.ρ.11.1,11111111111111111111 11111111 11111 1111111 1111111 1111,
p. 11111. 11111, 1111111111 1110111111. 1,111. 11111111 11 1111111111 1111111 11, 111 ummah,
8, Τ. 1, Mo), 11 1111111111 chame 11 dc 11111111111111111111111111111111111111

‘ 119111. 111 1111111 1111111111 11111111 111 11111111111111111111111111 1111111111 11111

1111111 11111111, 11111111111111 (111111. 11111 11111 111111111111111111111111111-
111 1111111111 1111111111 domi-§oum 111111111111111111111111111111111111111·
111111111111811111(1111111111111- 1111111111111. 111111 111111111111 11111
11111. 1111, 811111 1111111111. 1131811111 1111111111 sm 111111111οά11 1111 1118111111
111111111111111 (11111 1111111111 Nau·- 8111111111 1111111111111 1111111111,111
11111(111111111111(1 11111111111 8111111 donn 111111 von 1111111, 11111111, 11111
11111111, 1111111 81111111 1111111111. 1. Α. 111 1111111 111111111111111111 1111-
1111), 1111111111 1111-111111. 1111111111111 11111111111111111111111111111111111111
111 Sanan 111 pam 111111111111ῐον 111111 1111111111 11131 1111 winter 1111
1111 1111111111111111111111),111111111111 1111111111 1111111 1111 1111 11111111
„ 111 (11 11111111 1111111111 111111111111111 1111111111 81111111111111111111 up)
111111 mm· c'm 1111 pays 111111 11 11111 sind, 1111 1111111111 1111 111111 111

’ 11111111. Ρ. 1311. ,411 11111 (1219111111 on subortu-Abdera. 1111111111 11111111

11111111 111 monticulos 111111 111111, 11111 11111 1111111111. ρ. 111. 11111111111111111
1111111111111111111111111,1111111111-ς 111111 11111111, dm 1111111111 11111111111
111 111 1111111111 11111 mand 11111111 (11 111· 111111111111111. lem 1111111111 mm
11111. 111101 Δ um 11111111 111 11111111 11111111 111111111111111111111111111111ι11-
11111111 111 1111 11111111 111 msa, 1111111 1111111111 11111 dem 111111111111111111111111·
111 111111. 111111 1111111 11 11111111 11 11111 1111111111 111. 11111111111111111 111·
1111111 111 1111111 mm 1111111111 11111 douo 1111111111, 1111111111 neum 111111 en
111111111111111111111111111111111111111. 1111111, 11111111 1111111111, 111 111 111·
1111111 11111 11111111 11 0111111111 11111· 1111111111 11111111111111111111111111111111 11-
dun, 1111111111 11 plut 111111 qui 11 11111111, 1111 1111 11111111 11111111111111-
1111111 11111 111111 11 0111111. On 111· 11111 11111111, 1111111111· Ausim 11111111·
1111 11111111 1111111 (111111 1111111111), 111. 111111111111111111111111181111111·
fommu 11111111 do 1111119111, 111111111- 111111 11 1111 11111111 1111111111. 8ο mdo!
[11111 11111111 1111 11111 mamm: 1 mus 11111111111111111,1111 1111111111111-
11111111 phu 1111 cm pom 111111 11 1111 111 1111111111 oder Kaukasos im winter 11111
11111111 (111 11111111 1111111111), ‚mu 111 11111111 11111, 111111111111111111 11 11-
on 1111111111 111 mmmm. On 11111111 1111111. 111111111111111118111111111111
1111111111 1111111 1111 1111 1111111 nemoy· 111311. 111.1,11,11111111111111181111·
11111 pour 1111111 m 11111 [aru 11 m·- 11111111111111111111111111,1111111111 go·
1111 111 11111111-11111111. 11111111 langen, 1111111 111 winter 1111111 111
aem-jour 11 11111111 demvm 1111 cunm 111111111111111111 1111111111111
1111111111 11111111, 111 pamm 11111 1111111 1111 11111111 1111111111. 8111111111
11111111111111 (811111111111111111111), 11111111, 1111 1111111111 111111 so snm 11-
1111 [1111111111 mm 1111111 -. 1111. 1411 1111111111 111. 11111 1111111111111111111111-
1111111 111 1111111111 quo m‘a 1111111αηὶ111 1111, 111111111111111111111 weston 1111
111 marchand 1111 1111 111 1111111 {ou 1 01111111111111111111111,11111 1111111111-
111111 ww 11 1111111111 ὰ 0111111 11 111111 1111111111 1111111111, 1111111111 m
11111111 do 11111 1111111 11111111 11111 111 1111111. 1)111111111111111111 11111111 1111-
11 111111111111 1111111111 1111111, 111 111111111111111111111111111111111,1111111
Ι 111 1111111111 1111111111 111 111111 1111 11111111, 11111111 111111 durch 11111

 

