QfflRfflRUFlWXXstffi. 103
’0010000000100000000,·000100011000010100,10000000100000οΗ010

11000 00100 01000 veruta, 00 01000100 0010 10000 thamnam 0010, 00, 001101 0100 000
010 811010 tolgan. Νο000010111101000000- 00100000 0010010 000 011101100110000000,
1000001100, 00000100010110011101001,000 000 0000001 01100 1110100110 01 m 00
0010001001 sich 00110οΙ 01000 010 0000 010 1000 00001100011110 0000 existed: 001 110010
0011000 vicetiam Punite 000 1000001100. siet, 0010 1101101100 10 0000110000 10 001010
110000 01000 10000100 0110000 zvar 01001 naturai 0010100100 01111010010000, 0000010-
0110,οΜ000001010010100001010110101100 1010 0001000011 00 00000000 0000001000 011
000000110000 1100000, welche 10 0001100100- 001 1101001. - maistam 10001 (1100000)
10000011101011100100110000.-11100 000000 101100001000 0010 10 000111 1110 011100 100 >
0010000111111, 010010 0100 0101300011011011- 00 00010010 directim,- a 0000 00111 0000100-
00100 0000101011, so 11001010010000100110 00010 000001, 001 100 0000100 0000001
000 11110010 0001101000, 0000010οΙ000 aaran 10 110 wa , 110 10110010100
1100100οο 00100000, 010 10101 0001001000 10110000 01 110 ayt-eam 01101000000
101001010111110000001000, 010 der 1100011101- , 1100001 110 001100. 11000 10 00 000001
hung 001 Curtius 1100110 0010001000, ln· 10 001111100 110 001100 00110 0001000
000010000101100010010 0000 0001 10 einiger 0010. - Witiia 110 00110011000 10 0 00001
110110000ος 00100 00000111 werden, 0001001- 0001 01 cultivation, 0001111000ιο1100010
11001011001110000111001000, 11110 00 010101 1100 01110000- Tha 0000101100 01 110
01000000, 000000000000000011101.1100010100 001100 10 0010 10 0010001 101001100-
000 100000, 000 0100 0100100 1011011111 000, sanct 1001111100. - 1101000 01 110 001100
10 001 0100 100001000000110000 0101000 11000- ’10 0101 0011 0000001, 00010010 0 001001
10. 110 101010 0001100110 110010 110010 Persian 00010100 0111001101 1000, 1001
8000001101001, 00 engi. 1101100 00111011 00101010001101110001010000000000011,·
van 10000000 0010000. 11100010001100- 11100 0100011001 00001000 100 100000,
1011 000 101οΙ 0111 dem 100 Curtius 0000011- 0000000 10 00100, 000 0001000 110 01000
denen 001, 0001001010110001100000110- 01101 0000 1100001 11, 11000 000 0000001
0000010000 0000100010. 010100 01 1111οωιο 100000 01000000 1101 gete 10001 110 01000-
0011041 1101001 00 11010010000001010- 10100 000000. vergi. 11100 000000. 181
1100110 10 0 001100 0010110100 10 0 01- 11, 000 000000 11100001000000000000000101,
0001100 000010 0001000 0001 10 100011 0000 000 Gema 010 1100000000 0010000101
1001101110 10 01010 001100, 000 10001 1100100 werden 00000 1110000011 1010000000110101100,
1011100010 0000011, 01100100 001000 110 11110 dass 0100000000101100 1οο Curtius 10011011-
1101010100 110 01010 0101001011 10000 110 0110010 0011101, 000 0010 1010000100 00010-
0000010 1110 0000000000 0010000101οε 001800110000001000000000110011100000110000
0001000000 011110011 00001000, 00 1110 Lege des 0011010 100 Westen 0000
10 00 almost 1000000010, 000 1100 00100, 010 80011000 desselben 0000

10000 0000 rendered completely 00 00 0010000(1101000000001110000000010001 .

art: 11000010 000 0000000 00 110 0101- 000 010000101010001), 00100 1100υο100000·
0100, 0000001100 0 010001 appearance, 1011101 011100ωο1000 000 010 0000000 00 01-
00110111000 10 00 possibility 01000- 01000 stetten 0010100010110010100000110010
· 1100110οῑοΜ 00000011000,11000100 -000 stodlege, die 10 ihrer 1100010100ῑί01-
100000 00000, 10111 aa 101100 0010000, 01101 01000 von 00001 1100001000 0100. 11000 010
110 0011000 (p. 54) 0011 110 81000 1100100 0001000 000001110οο0 Punite: 0001110 0010
(10000 braye), 000 01101. 11011000 0000100 01000 absita *100000 00000 -- 100-
1000010110010 110 100100, 101000000000000 011100 campus 110000 00001 0001100000.
naturai 0111100110, aa 00 10 000100 0 0000001 001010100010001 000110 0100 0100010000 0111
,101000 00 0000001000 1101001100, 0000110 110001000οη 010 10000010 0000000000,οω ,
1000001000ῑο 11000 0001010 00001000 11010010000110000110011100100001000οη
10 1110 001100, 000 01 1100001000 000 nege, 10 0010001001001000000 0100 00000-

. 0000111000010000010001110,·00101101 0000000010 00001000. 100000 0010011000οο

1001, 0 stream 110101000 00000110 1100010100111100101001 00010. 1010000οι
11110 10 110 0001, 001000· 000 01100 0100000000000110000001100010000·.
11000100 1100001 110 001100 0000000 0000,0100000001100110001(0.ιο0,14,301.
1010 110 000001. 11000 00001000, 110000000101οΕ000ωο00100010100ιο010
001101 000 0011 000000 000 101010010, 0010, 001101000οι Satibarzanes 100 ituenda
. 000 0011011 110 00100 0111010010000, 1001110οπ000οῑ 1100000 111100, 01001 aa 001·
0001000 1000 00111 ap 000 100111100 0000010100011100 0000001000. - 110100011-

· 10 0001 a 01001000,110111.10100000- 0000 000000000101100, 0000 010001000101110

011110 1010000 aa 00100000. - 1100010 0001001 000 111 000011 0011000 101, 010 010111
01001100 patim 00 110 00011 0100, 001100 0100 00000 00000010 Humanum 01ομ»

 

