11 , ,Quamnammmm' Ι
m nd 1111 camum. 1111111111 1111111 pm-

’ ‘om 111111 11 &Alexandnnn 11 111 [111111111111111111 11111111, 111 11111111
11211 1111111 du 11111111, 1 111 111 11· town 1111111. Tm 11111111 m
11111, 11 1 111111 111111 11111 1111, sur on 111 11111 111 11111 bn 1 1111 1111111
111 111111 do 11111111 on 1111 tm 1111111111 11111, 111111 11111 11111111 1111111111
111111, 1111111111 autrefois 1111111 1111111111. 111 111 111111 «m 1111111111 noram 111
- (1. 212) En 1111111 111 fla· 111 111111 11 111111 os 11 1111111 1111111 1111 1111111
mammantes 111 11111111 11 1111111111 11 111 11111111, 11111 1111111 11111111
1111111111 11111111 du 11111, 111 11111111 11111,1111111111111111111111111-
11111111111111,11111111111111111 ure os 1 11111 11 11111111 from 111 .

, 1111111111 11111111111, 1111111 1111 1111 o( 111 11111 1ο 111 111. 11111

1111111 1111111111. Lo 1111111 111 1111111111, 1111111 1111111 111 1111, 111 1111111111 111
1111111 11111111111 1111111111. 11111- 11111 round 1111111 11111 11111111,
11111111 111 1111111111 1111111111 1111- 111 1111111111 11111 1 1111111111, 11111 111
qu'd 11111 1111111 111 111111,11111111-. 1111111 belm 1111111111 1111111111 1 11111
1111 11111 111 11111111111 ,11111111 1111111 11111 11 111 1111, 1111 111 11111111-
111111 111111 1111111 11 1111 111 1111 11111111 on 111 111111 111 11111 1111111111-
111 111111 111 1111 11111111, ὰ 11111111 1111111 111 towards 111 1111 mmm ⁰!
11111 1111111 11 1111, qu! 1111111111 1111- md, 1111111111111111111 1111 111111 111111
11111111 11111 111111 1111111111111111 11111 11 111 moraes, 1111111 111. At 111
111111 do 11111, 1111111111 m 1111, 111 111111 1111111111 11111 111 1111111 1 111111 11-
1111 1111111111. - A 11111 1111111111 111 111 11111111 11111111 111 111111 aad sm
11111111 111 11111111 tm 1111111111, 111 1111 111111 11111111111111111111111111111.
1111111111111111111 quelque raison (1. 111) 0111 1111111111 S. Ε. by 111 1111111111·
1111111111111111111111, ὰ 11 11111111 111 111111111111111111111111111111111
1111 11111 11 1 111111111111 de 1111111111 111111, and 11111111 111 11111, 11111111
11111111 111 11111 1111111111 11111. Δ 111 our 11111111 1111 soma 11111111
111111 11111111 111 11 11111111 1111 111 11111- 111111 11 11111, 1 11111111 11111 11111111
111 111111 1111111 11111 11111 1111111111· 111 111111 11111 1 quartur o( 1 111111
111111 mor, 11 11 11111 1111111111 11111111 {rom 111 111, 1111 1 1111111111 111
11 domi 1111 11111, 111 11111111111111 (out 11 11111111 Amanus. P. 11111 011
1111111 11 1111, 11111111 111 11111111 111111 1111111 Pius, 1111111111 111 111 1111 os 1
11 bourn 111 11111111 11111111 8111111111. 1111111111111111111111111 11111111
Dus 1111111111 11111111111111111111 kinton 111 111 1111111111, and directed 1111
, Αιεοὶηοηάεηουωςεὼῦὴη 1111111111111- 111111 111111111111111111111111111
111111111111111111 1111111111 11111111, den 111111111111111 111 1111111111, 11-
Β1111111111111111111111111111. S. (111111 1111 1111 111 on 11111111 11111 ond 111
Journey through ,1111 111111, 1111. 18118. ’11111 11111 1111111111 11111 1111 111
1. 1111 1111 11111 (1111111111) 1111111111- 11111111 1111111 111111111111111, 111 111
11111111111111111111 ancient (3111111111, «1111111111111111111 11111 11111111 11111
11111 11111 1111111111 11 111 computem 1111111111. 1111111111111111111111
1111111 1111 11 11111111111111111111111 1111 11 1111111 11111111 111 1111 1
111 1111111111 111 first 11111 111111, 1111 a 1111 111 11111 1111111 from 111 111,
111111 11111 111111 1111111111 11 1111111111, 11111111 111 como 111111 11 111111-
11111 1111 1111111111, 11111 111 11111111 1 11111111111111111111111111 11111
11111111 111111, 11111111 1111111111111111111 of 11111111, 11111 11111 1111111111
11111 11111 111111 11111 1111111111. At 111 11111 samad 1 1111 11111, 11111111ῑί11 111
111111 11111 11111111 111 111111 1111 1 promontory 111 1111 o( 8111111111. Ac
1111111111 1111 11111, and 111 1111111 111 111111 11111 111 111 1111111 of 1 111111,
1111111111111111111111111111,1111111 111111111111111111111111111 o! 111
11111 1111111111 1111111 11111 cape. 11 1111111111111111111111111111111111
. 111 11111 1111. 1111 11111111 1111 11111, 111, 1111111111, 111 1 1111111111 111111 ⁰(
11111111 doubt. 111111 11111 1111111111 11111 11 11111, 111 11111111 os 1 1111 of 11111111, ῳ-
now 111 1111 1111111111 1111111111 11 defend 11111111 1111111. At 1111 11111111 111111
111 11111111 11111 111 11111 and 1 1111111 11111111111111111111111111111111111.
1111111111 1111 11111111111111111 111- 1111 11111, 1111111111 111 1111111111
1111 mecam 1111111111111111 111 111111. 111111 1111111111 111 1111111111, aad 111111
Tho 1111 11111111 1111111111 11111 11111 1111111111111, 111 1111111111 os
· 111 111 11111111 111 1111 and aster 1 1111111 nuum 111111 ,1111111 111 111 111. At 1111
11111111 ol 111111 1 111111 111 11111111 1 [11111111 11111 111 11111 1ο 111111 rma
1111111 1111, 111111 111 Gal( 11 8111111- 111 1111111111 1111111111111111111111 1111
nonam 111 111 11111 1111 11111 11 111 111111. 11111111111111111181111111111111-

 

