110 ·, mmmmm.
0100000010011000101010000100100000001οὼ

1001101010 0100010000 0010 1000010 10101100 pam 10 110000 Aram, quem 01111
10100 01001 0100111100, dass 11110οῑ00 cher 01· tm 00111 aroc 110000 011ὀο male 00100-
001 noun 00 0101111001 hebomadas 1100- rm 01 01 00110 plue 110111. 001 m 1001
heu, 110101 010 1110011001 100 001 111000110εο m) 011100 010 1101010101οα3 10001 11000·
0001000000εο 0010000110 0010101000 gangen 0101100010 0101 1100011001 0011.
w 000010 111000 000 0000001010 gemet 1110 1000 0100 001, 011300 00001010οο1-
01110. vergi. 0. 0, 10, 00. 04. 1110 0010101000 0010001 00010οο1 0110001000, 0100 110110οα
0010100100 010010101001,010110100101- 10001 110 010 1110110, 11 1101101001οοΜο 1001
100, 010 010000 0110110110001- 0000 01 0110000000 01000101001100100100110,110111
0000 0010110 00100 1011000000οπ einiger 00111010 1111. 00111001 101, 0010οτ10000
, 101000000110100000100001100111003011100011 11011 1101 1101100101 00000001011101100010,
01110 ·-· 100 0010 1101100100 01001 0000011111 1111 01000 111οο1001000 1011 101001010111110111
0010000000οο0. 1110111110 000 weges 010001010011001000.

ron 0000 000 110000 - 00010100010

, 0010010100οο 10000 000001101οο0 1101000, mmmm. 011. 1. 01 11110001 00-
110010 1100101οω0011 001 000010 0010000 xpm. 1011101014. 11100 An. 01111
1100011 0101001000, 0111 1010 0101101100- « 0100000 4000011 101. (010011101010001000
101000- 0100010 110100 1111110100 1011 40001 0. mon 10011. 0111100110, 0100 11110.
010010000100110101000110111010. 10010111 10081000001100000101100 0000001100011,
01001 010 0001100 110010 100 1100 1110010 Au 00 0100 1000 0101 0 0001 10101 01000101
1010, 010 0100 [0001101001 00111001 0000 1001011. wesen 001 1100101 1011101000 0111.
0101100000 negt, 0100 801111 000 100 001101. 0, 10, 00

11001 moon 0100 001 1100101001οω 1100-

00011101111010000, 0001101000 miss 01001 omma. 1. 011 00101101 cenchrim
ιι 1101101οὼ000, 00 00 000110100010001101 01011 1101. 1010. Voss. 1. verul. 00 1, 41,0
1001001101 101, dass 0101ςο 0100000 001000 000 zu 0, 20, 20 p. 100 111000 1101000010ωο
10 1010101010 gemet 0010. Ans 0100101οο 101 0100000000101110100 110000. 1, 4, 1
Hori« 1001101 1810 p. 410 0111001000100, p. 01 000000110000101011111111 0110111
11101100 0100100110010010000111001100- 0100111 1001 proximus, 0000011 01 do

. 1101 von 0011110100 1100111010 (010) 0110111, summo 001000000111011000001,111

0100 100 0111111 010 1)οΙ An 0. 0. 1100 01 00 110000000νοοο01110100001. 1110011111
- 1110011 An 11000 111011 1101010000 1101- 0100 000100 und 01001100000 mm 00-
00000 (11101010, 1011000000) 0011100001 10111, 001 1000010 010 0010000101 011010
001000. 00001010 111000 010000 11100000 00- 00001111 mmm 01101000 0000 10 00100 0101
100111 0100011011. Τ. 1, p. 10001. 18: 1111 110 summum 0100 0000 00 0010 110011-
1010· peram (1011000, or 00110000 1011100ος. Es 0010011001 1101101000110010-
100000) m, 10110 a 010000 o! 00001000 huns 0010 0010000 1101100000αοώο 10-
mensor 0000101 0000010000, 00 1111- mma. 110000. cons. 0011010.0,0.100;
,asumma 11100 11001110 0111010000 00100000000110000111001011,00001101
1011, hu 1101 00110 10 mal 10100 011101 0110 0001191010 undique, 000010001101ο),011
nm 01101011. 10001001111100101 00111001 01010000000010100 0100 00011101 10100101.
11000101 0000 00010000 1101Ιο0. mo 10 0011011100111001000110011100 1101101011
8000000000111100100001000110000- 10ηο,00100100010101101100000000011101·
1011 000 001111000000010100010100001 11011 0100 010 1111011111 0010111111 00001, 110

Ι · οωμ10000010100001011111.1.0,0.000 001010, 010 1101 0110111· 100010 von 000010.

011 1001 1111011110, 1100 0101 000100. 0οκ00000000 01000 000100 110000. 111001
1101100. 0011010 Vox. Τ. 2 1. 101 01001 ’11110 11110, vo 0110101010100001111110111
01000100 0101101 111 010000 11000011100001 00101010000111100101100100110111, 111 010011·
211. 110. 121. 104. 100 1011101111οο 10. 1100 0000010000111010100010, 1110111001ιο
1100111100 0011001 001 weg 1010 100- rom 000 0000110110 01011. 00101100 000·
0100000 1110000 010 1011 011100 0100 10110000000011010 00010. 00 01010001. 1,
10011000 1101100. 01001 0111010010 10, p. 0110011 epm 0111010010 10 du
1100101 0101101 010 1000 01010101000000 0000101011, mo mmmmm
1010111οί110 0001001110 001 01011 1110110101, 01000110 010 101010 mm 0100100010, 0111-
1100101 001100 111111 0101010 01010010. 1000011100111101101010101011101 m
. 0011010000. 1001110οΜ0οω 00 010001100001100100110110011011011100100
10001 0 001101, μ’ 10 mo 0101111111, 011.010001.101.11.44,0,0,11111.101.10
mammam 10010011010101001 000,001001,01,4,01101.101101.01Ἀ
01 1111000110. On 0 10110 01 101111 de 0, luth. 81000. 010. 0, 104, 00 01011·-
lunas 0110 00111 a· 1101111101100 00010011000011110111000010101101

 

