111 ¹ 111111111111111.

’ , (1⁸³⁰ 5¹¹ 5011111111 emt, 1011101111 81111111111111111111111111 1111111 prae-

.1111111 61111111111111111 (6111116) 11 11111611 1611111611111111 11111116116111 1111
1111111 6116111111. Lo 611-1111111111 11111111 11111111 1111111111611 111161111-
1111 6 1111 6111111111, 11111 1111111111 111111611111111111111111, 1111116116 11111
66111 111-111111. Lo 611-1111111111 1111111111 1111111,111-11111,111111111. 61116111·
111 1111111 111 6161111111111(61161111161- 111611 6111611111 11116 111611 1111111111-
111111116). 1111111111111116111611111111111 11611 61111611111111111 111111 winla-
1111 1111 1111111111 11. 61116111. 1161 1111111111111161.-1111111111111161111111111
1111111111 11 61111 61111 111 611111, 11 116111 61111111 611 611111 kann 6111 611-
aaa 11111 6 11111116 -. 11111111 1111111- 111,61111111111611 11111111 111 6111611-
1111111111 par 11 pom 61 [er 6111111 11111 111111611611111 11111111 1116 1111111

’ 111111 0111161111 11 1611111111 111111- 1111 11161· zu 6111611611. 111 11116, 1161

5111611, do 1611 1111 d 11111 1111111 dam 11116111 61 τὸν Ὦξον ποταμὸν 1111 1111 1111-

1111111 (11 11111 11111 Beck 11116 61111111 6111 111 6111111 11111111 τῇ 1111111 1111611111

11111.111.1,1.11111111111111 11 1111111τοὺ111 6111νοῦ1111 1111 Σπιταμένους

111111(61111111)11111116 Accorai)‚- καὶ Δαταφίρνου πρὸς αὑτὸν dumam 111

mammeam, 11111 la 1111111111 111 1111111111 1111111

61111611116111111111116111611111 1116 1111116111 “τῇ ” 111·
6111111111 6116111111 6111111611 111111- λήψονται Βῆσσον 111111116111111’

6111 6101111111 11 11111 6111111 pelais - 111 Πτολιμαῖος (611 6111111111 Alauda
61 Gom 1111111. 11161111161111 61111- 611116111 1111611 111) ’11 ὡς 11111111· 111
den 111111111111611111116111 1111111116- 11116111 lv ἠμέ αις tieem: σταθμοὺς

1111111111, 611111111111111111 11111111 1111 1111111111 ἵ( 111111161111116 τ προ·

1116111111 1161 1111611111 1111111, 611 11111 ηὐλισμένοι 1161111111 11111-

6111111111111111661161116111161- {ippum 1111 1161111111 1111111
1111. 111111111111611 611 11111111111611 111111111616111116111111611111111 611
6161111111111111111111 111111616111111111161- Spitamenes 11116 1116 6111 6161111111111
1116111611116111111111.6161111111.1.131. *Alexander 111111. 111111116111111 111 611
661111166111.1,161.Τ.1,1.6;16.11.66. 111 6111111666 11111 1111111611111 111111
65. 66. 16. 61141111. 61. 1111 1661161. 1111111, 11 11111111 1116, 6111 111 ’1111116 11
111. 1611116. 15 p. 166.16.111.116.111. 111116111 11111611 116111 11111161 1116
161.1611.6,16.21.1,1.6. Ε111111111116. 11111111, 11116111111111 6116161111 Anu
1³.va 611111111161111111111111111111 611116611116111111111111 1111611111

111111111111611 6111111111 1111111111, 11 61611111111,1161111111111111111-

111116111 61161 61111 1111111 611 111111111166161111111,11161111·
11161161111116161111111111111611- 1111116111 1111111111111 61181111-
611 11161111611, 1116111 1116 1111· 111116111111111111 11116116161111

1161101111 116 weston 6111111161. 611111161111116 6111111116111116111

1111 (1611161111 1111111111 611 16111161 1111, 111111 111 6111 111111111111111
116111111161611111111111 6111116· 1111111111. - 111111 111111116111111111

111,»611111 16111116611 11 611 (1111611111 11111111 11116111 61161, 61161111111111
’1111111 1116 1111111 1111 11111611. 11111. 1. 611111111111 1116111116 16116116111111,111
1,111.161.1,1. 61111. 151.166.16.16,1. 6111- 6116111611611111 1116111111161111·
111. 11111. 1111. 128. 111111116111111111 1611 11111;1111111 1116111111111111111611
1111161 611111 11111111111116111111111111- 11111611 6111611116111 6111111611 611111-

111.111611,1111111111 11111 611116 11111 1111116111111111,611161111111111611111·
111111, 61161116 111161 111111161111 11111 11161111 1111 111111 11111 11 111 6111611111
-11111111 1616111111 611111611111111,11· 1111111116 1111 1111111 11161 111 6111 111111·
11 1111111111 11111111611111111 1161111111 11 11111611111111611111611 1111111. - 111111
111111 116 1116 1111111 11161111111611, 11 6111111111111111111,61111111.1161111
1116 11 11 6111 6161111 Amet 111111 6116111111 1111111111111111111111 unt«-
11111611 11116116 611111111611111- 11161111111111111111111, 61111111 1111111
11111 1111616111116111111111, 11611 6161111161611111 611611111611111 Com·

111611116111161111,611 11111111111 111661161111111161111,61111111111611· .

1611111116111111611111. 1111111161 1161111,6111611616111111111116116111
61616111111116111616111116. 6111111- 11161111161611111111,11111611 11 veit 11111·
6111111. 11681 111111 smmum 11 6111- 111611111,11111111116161111111161111111
11611 111 cham-eoba, 111 11111111 611 11111111111.

1111111 sort 111111. 6111161111 1111111

611111111611111116111116111161111111111 1111 11111116111611. 11111611 11111
611111111161111611111611 1111111, 611 611611111111161161111111111111111111

 

