1

1. 1111111111 11. 11111111. 111

guentam “Η111, quun} responsum potitur, navigio 111111 1111111 11111111-

1111111.3,1,1,151. 8111111111 1111111111. 111111 111· 1111 11111111 1111 1111111, 11111111
1. 818. 1111 11111111 111111, 11111 11111 111 1111111,1111111111111111 1111111 11 1111111 11
1111111111111111 111111111111111- 1111111 111 1111111111. 11111411 La 11. 31,
mnes 11111 111 1111 11111111 11111111 111.1,Δ,111.111,1111 1111111111 111111 11-
1111 11111 111111111111 111111 1111111η1,1111- 1111111111 1111111 1111111. 1111111111-
11111 der 1111111111 1111111111 und 1111111· 111111111111111111111111111, 111 111 1111111111

ν1111111111111111111111,11111111111111 111 1111111111111111111, 1111 1111111111 11 , ·

1111111111 11111111111111 111 81111111- 11111111111111 memo 111111 11111 11111 ὰ 111
den 111 1111111111 111 111111111111 11111111111111111111, 1111111 1111111111 111-
1111111. 11111111 1111 11111111 111 111111 1111111. la
1111111111 1 111 deux 1111111111 1111111111 111

11124. 1111 1 msto. 111111. 1. 1. 1111111111 (11 11111. 1111111111111111111111
1111111111111111111111111111111111 11111 11111 11111111. 81111111111111111111111
1111111111111111 1111191111111111111111151
dmm 11111 11111. 11111111 (1νᾶ11 111111 auquel 1111111111111111, un 11111111 dont
111113 113111 11111111. 11111111111111111 111 1111111 11111111111111111 11111111 11111111-
11111111111111111 1111111111. 111111- 1111,1111111111111111111111111’1111111 11
1111111111111111111111111 111111 11111111· 1111111111111111111111111.- (111111111-
111111 11111111111111111111111111111111 1111111111111 11111111 1111111111,111111
das 1111111 811111, 111111111111111111,111111 1111 1111111111, 11 11 1111111111 ὰ 1111 de 11-
11 11111. 11111 111111. de 11111111 chop. IX. 1111, 1111111111 1111111111 111 1111111111 111 1111·
8111111111 11111111. (1111111111, 1. 111111(1.1481 11111 1111111111 1111111111 111·

, 44511 11 1112, 115, A, 111. 111, repro· 1111111111111 1111111111 111 1111111111, 111

111111 11111 11111 11111111 1111111 quo 111111 {omo 111-1111111111 11 111111 1111111111
111111111111111111111 -. 6111111111111111- 111 11111111 ὰ 1111111111 1111111. Um 1111
111 111 1111111111 1111111111111 111 1111- 1111111111111 11111 111111111111111111111111.
quos 11111,- 111 extremius 11111 111-11111111· La 111111 1111111111 1111111111111111111111-
por (111 11111 de 111111· 11111111111 1111111- 11111111111111111111111111111111111111-
1111111 11111111111111111111111. 111111111- 11111111111111111111111111111111111111111111-
11111 111111-11111111111,111111111111111111 1111. La 111111111111111111111111111
111 111111, salvent 1111 deux 11111. - Au 11111111111111111111111111111111111111-
11111111 111 11 1111111 111111 1111 11111111- 1111· 1111111111 de 111111 1111111111 1111111
mavorte, 111111 111 1111111111 11111111· 11111111. ht 111111 du 1111111111 1111111111
1111111 1111111111 1111111111 11 1111 du 111111. 11111111 11111111111111 11111111-. ,111 11111111
ees 1111111111 11111 sur-mmm 1111111 111111 11111111111111111111111111111111-
& 11111111 1111111111 11111111 111 deux 1111111 ment 111111, 1111 1111 111 11111111111
1111111111111111,1111111111111111111111 111111 11111111111 111 11111111 11111
,1111111111 - (111111.) La 111111 111 cou- 1111111. 1111111 1111111111111111111 111-
1111111 111111 1111111111 1111111111 1111111111 1111 «1111111111111111111111111111111 11111
11 111 11111111111111111 1111 11111111 des 1111- 111111 11111111 11111 1111111111111111111 pa-
11111111 111111. 111111111111111111111111 1111. 0111111 1111111111111111111111111111111
1111111 111 11111111 11 1111111111111111 11111- 11111111111111111111111111111111111111111111-
111111111 Dm 1111111 1111111111, ὰ 1111 111111 111 111111111111,1111111111111111111
111 odia 11 1 1111 1111111111, 11111111111 11111111111111111111111111111111111111111-
fune 11·111111111’11111,111111111111111 1111 1111111ὶί111 mr 11 1111. 011 1111111111
(11111111 111 1111111 111111 111 11111 1111111111 111111 deux 1111111111 11 deux 111111 111111
1111111111 111 11111111111 111 1111 que 11 1111 11111111111111111 de 1111111111, qui 11 111-
111 11111111111111111111111 111 11111111 1111- 111111 111 11111 1111 11111111. 111 dm 111-
11111111111111. 8111111111111111111111 11111111 1111111 11111 111-(1111111 111 (11111)
11111111 111 11111111 11111111111111111111111111 1111111, dam 11 111111 1111111111 111 11
11 111 11 1111111111 1111111111111111 (11- 111111, 11111111 1111111111 11111111 11 111 11-
11111111 1111111111 111111 111111 111 disque 111 111111111111111111111111 111111111111
11111 1111111111111 difformes 111111 1111111 111111111111111111, 1111111111111111
mmmm rapport 1111111111111111. 1111 une 111111 111111111111111111, 111111
11111111111111,1111111111111·Ε11111,111111 elle-meme 111 11111 1111111, dont 11 ·
11111111111111 1111111111 (11111111. Dm 111111 1111111111 1111 1111111111111·
mo 11 1111 11111111 11111111 11111 tout-a- 11111111111111111,111111111111111

= 1111111 111111. Δ 11111111 111 11 1111111 11111111111111111111111111111111111111

11111 dm 111111111111,1111111111111111· 1111111111, 1111111111 1111 11111 protectum
111111111111111, 111 11111111 (1111111111 111- do 11111 1111111. 01111 1111111ιέ11111 m 11111

 

