Η 716 5. ζ111 routpertum, 111 comparer 3,
4,2ρ. 24 5.; 6, 16, 26 1154511 6,42, 16
conspicuus 6, 7, 1411455.
consumatio 5, 26, 6 p. 475 1..
111111111111111111111151116, 2471184611,
1116111111 51111615 5, 26, 1 ρ. 468 b.
eomulere 111 1111111111, 111 commune 5, 27, 14
ρ, 472 5.; 6, 46, 21 11, 867 5,
coambulare 111111 5, 26, 6 11466 5.
1111611111 prava 6, 4, 66 p. 727 1.
1116111111 4, 7, 1 p. 1861.
1111111111, fide, 111 fide 7, 66, 6 p. 768 1.
coemere 5,12, 16142615.
11111511111111 5, 1626114116 5.
commocio 4, 26,27 112561. 5.
11111111111111αόδ111 contumeliam 11111111

5, 6,

convenire 111 1111111115, 28, 2 p. 476 5.
convertere 4, 11, 22112641. ¹
1111111111· 8, 22, 1611. 7561.

conviviolis, 1111111111 6, 5, 6 115121.

1115111111 11111111 8, 26, 2411. 755 1,

convocare 6, 4, 2611. 826 e. 5.

eopia 111 1111111111 4, 24, 26 p. 2451.

eorda 1111111111 5261111665.

1111111111 der geographisehen 8 111516, 16, 6
11561-611111111116, ,11 11617 5.;
4, 56, 28 p. 665 1. 5. - (1111111111611111111
{n 1111 111111111111511 8111111111, 14 ρ.

corone, 11 (1111111111111115111 81111151 4, 26,
1611. 2561. 11.

1111111 1111114, 7, 211. 1665.-11111111111·
6115111111111116111511111114 17,.5112261.

11111114, 46, 611. 6685.

11111111, 11111111116, 8161. 475. 481.

111111111111111111116, 26, 24 p. 1671.

1111111, 661311111111114, 6, 12 1116715.
16811 4, 16, 24 p. 226 5. 221 1.

611,611,1111,11111,1111111,1,111.111.

111111164225118611,

1115σέ 4, 156, 121. 226 5.-111511161111111111

111111 1111111156,5,1611.661.- 1111111114,
41, 26 p. 662 1. 5. -111161 1116111151111-
11111 8111111111 6, 46, 25 p. 566.

crepido 11111111 4, 24, 21 ρ. 245 a, 5.

11111111,111111111114,16,1611,·2621,-11.
1111111114, 27, 1611, 2521. -1111111111111
dirmetum 116111111116, 17, 21 p. 5425.

11151116,,51511,6.25

11111111 (1111111111 8151111116, 2, 1411. 175.
1161116611111,1111115111,6,28,22ι1.165
1.- -.11111111111111111111111111111115,,26
11,.,1115-11111111111,111.1411.
-11111111841,2511,-7611. 111111111-
11151116,4665115841,-111111111111
1511111117Μ-2116116621. rum
1111111,,11111111615,..,·611745 5,,.62611
1831.-11111116116,25,141..-1565
eumnepemo4,7,ep.w·za. eumd

1111611 mrem 1
mmmmm
11111114,15,2611.2261.
1111111111 6, 26, 1811, 561 ι.
11111111611111111111111511 8111151 &m
meimet 5, 6, 6611, 6665.
11111151111111,111111111116,6.411.681
mmmm· in 1111 milimrieebn spru
6,21,2211,1681.;6,26,261,5615.
1111111111 1111 11111111515111 senae 512
1152133125 ecquem 1, 1, 11 1111 ι
11111111 111 611511161111115111 81111151 5, 355
11. 464 5.; 6, 2, 12 115661.
enervare 11111111111115111111181111111 6, n
1115211613,ἶ 3111116111 5, 6, 1611. 466 b.
111111,11111116,1,711.161,

6111111111,1ρ11111116,1,4ῐ1.71.-ω

, 11 111 petundum 111.4,16,1611.21211.

12111111,61111116,1,8ρ.125.
nativus, 51111 111115, 15116721.
111,1111111114,2,14ι1.174ι,-611111
22254561.
111 51165111 111711 6, 1,2ρ. 615 5. 816 ι
111, 111, 1711, Composita, Bedeutung, 6, m}
1584355.1561.;4,7,611,1621.5.;5161
p ι.5.
1715111,11151511,11151111116,6,55.57ι
(1151111116, 12611661
«11511611141251126715.
6111661118,6,11.7661.
1111111116,7,161.445.;6,7,1611.·165
(11111111,111ω1111111116,7,1411.451.5,
ὼαω,6111111111111116,1,61.56551
51611115111111,6,1,6ρ.65,
11111116611111111111111116,66,2811.595
11151111,1111711111111111111111111117,25,7μ6781
(11111111612115645.
desectus, 11111111 7, 166611. 6561.
61111111111111111111117,1,6ι1,566ι
1111111111ωὲ211111119111111 8, 16611. 745511
7,1111,·71.
11611114,1,.21..16815- -111111111111
4,,..665112665
111111111111111111117,62,665,6625,
11111111142716112565. -111111111-11
memineram—earm
11111114,,412611.6611.

memmae-r.

26,.26116711.

(11111111, 6,,12,.511655.-1ι
1111 11116111 1151181111517, 2824116815

11111611611111161115168Η261Ἇις
ξ,62,8226ὲι1.6661.;62.15115665.; ,u
lp 1

6111111166611111111151617, 811811.

b.; 5,26,.114565.;6,6,2111.881

 

