VORIOEDE. 11111

11131. ι. R 14 3, 1, 5. 3, 2, 12. 3, 4, 11. 4, 1, 11. 4, 21, 4. 4, 21, 8.
4,41, 18. 4,31, 14. 4, 54, 14. 4, 2, 11. 5, 28, 3. 11, 6, 12. 6, 19,
2⁴. 1, 14, 21 111 w. 1111414 ninhtsdestowenigoe wird 441 8444111414111
ὼε 1141144443 3414441144 viel 14 4411 4441144111 11444 4111444 sind 1141-
* 1141114341 4114 1141114314 114441 odor 1141411, dass sie einen 14444411
14111411 4431114444. 41411441 141 44 3141 1434444414144, 4411 441 11114414
1111414441 8141144 41441 144 11141141, 1444414 1114414 3444444444 8441111-
11ὦ41 4411141441, dem 44144144 1414314444 3414131 111 111111441 14 44 un·
34144111, 4414 8441111141141 441441 41144 14111411 14 macheu, 441 41 sich 1441
(hs 3443114411444 1141111 jener 4411434444 64344441 41441 11441111 1411-
komen 11441134 44411414441114144 41114 1411141144344 34411441 habe, 41 414
8141144 &von 4144114 14411441414114111141144414141441141114 141441
zat 111111, 1141444414114141113443 janes 114441114ῃά114 14 41441 1144434441411
14441411 madent 441414 14 444 141114414411444444444144411144 durch
Ἴ 41311444 11444444 1444414114 34414414 4114144443 441 11 11434 1441444444
renim 4111144441114114441434431144114444 8441144144344 441
Curtius 4141131144. 844444444114 Τ. 3, p. 291-308 3144114 414·
111 1141144443 4144 1144141 4444414414411441 Nachweisungem noch 4144111141
111 144 11141141 4434444144 auch Ritter 411 14 441 14111444 1111441144
1643414411 3414414144, 414444 1414111441 14 41411411. 411414, 1114414411
mkmnemwoeth 4444 41444 4411144344 waren, 4114 4414114444, 4143114441
«1441131444 1144444443 441 (14344441441 144114 noch, 444 41 144144 dem
{lamehe 1111441, 414 114141444443 mit aller (111144114411411, welche 4114

nina 81111443 4111144411 1144414, 144 1144414 4444414444. Ε1 144414 1144 ·

44114114 111 444 1414 14311341444 1141144141 on'entalischer 1114 4441114414-
1114441 1441411441 444 (1443114444 144 444 (14344444, welche Alexander’s
[1134414441444144. 44444311441111114 444 141411441344414411143
141414411144, und 41 41114411 41 mit 344441444414111411444, 4414 41414
34144444441144411414 41441 41114 44414444 11114444, 11444 ihm 41441 44144
44 4414411114 14414111, 441 1141111144 44 441 414113441111413114444Β141141441,
milich 441 1141111 4144414414 111. 8411141, 441 Herm 111. Ρ144411144
h num 111. 11141441, 414 1144111443 441 441 141444 1141414444434414
44111441 1441444444 1141114 4141441411 worden 11114. 1141144111411 1144441
144 da 11411413ὼ41 111441, 11444 41 4111114441 zu 4444 314441, dm curtim

 

