m . Q.GURT1111UF1V.X12.
’ 11111111111111111111111111111111111111111111111111111111. meiguod

Vnrlnnte3 11111201 1111111111111111111.; 1111111111, {unique 111 eptam 11111111 11-
11, 11,4 111 noctem ohne 111. Auen 5, 21, 1111111111, 11111111111111111 111111 node
122 111 ipsum Veryih'nrum 11111, u. 4, 311, 1111111 11111111 11111111, 1111 11111 11111-
2: 111 innam 111111 discriminis 1111111 1111- 1111111 1111111111111111111111111 mei·
111 11111111111111 werden, und 1111 111 sn 1111 111111. 111111 1111111 11111111 111 111
111111111111111111111 11111, 1111111111, 11111111 1111.- n 1114 1111111111 1111111111
11111111111111111111111111111111111121- Α1111111; 111 tempus 1111111111, 11111111
1111111111111111111111111111111111111111 · 1111111111 111111111111111111111111111
Vnknl (1111111111 111111111111111 ge· 11111111· 111 den 1111111 1111. 111111. 4,
1111111111111111 11111 1111 111111111111111 41101 11111111 heredemque 111111 11111 11111
1111111111 111 111111111111111 1112111 111- cub 1111 Immemor, 1111, 1111111111 1111111
s 11111111111111111,1111111111111111- respexit, 1111.0111.1111111,1111111111
1111111111111. 111111111111111.111111. 1111111 abfuerunt 11111111 maraine
111 serm. 111111, Turseli. ed. 31111111. summae. - 1111111111118111111111111111
CCXLV p. 1010- 11111. 1111111111111. 111111111111111111111811111111111111-
111, 2, n. 3411. Δ. 1. Einen 111111111111111 11111 111111111 111 11111111 1111111111
1111111111 11 111111111111 111111111111 1111111111. So 1111 111 1111111111 1111111.
11111111.11.111111.11 vell. Petere. 2, 24. 111111. 11111 111111 horden 11111111 Usque
11111111.111.11.2,55,’1. 11111111111111. 11111111111111111111 intractabili·
1. 212 p. 2115. s. 288 p. 312. Annene 1111- 11111111,11111111111111111.111111.4,11111
111 11111111 111 1111111111 1111 111 111 1111111111111111 {ine 11111111 1111
1111 1111 1111 1111 111 2111, 111 An· 11111111. - 8111111111111111111111111111
111111111111111111111 1111111 1. 11111 11111111111111111111111,1111111111·
11 11111. 111. 1, 21 1111, 1111111111111. 11111111111111111111111111 1111111111. Auen
Ι 1.1.8,4111.158,111.1.1,111.81,1111111. 11111111111111111111111,1.11.1’111 111111.

Gr. 1. 148 p. 458, 1111111 Gramen. 111111, 1141111111 11111118111111111 Genu 1111-
2. 4. 11111111111111111111111111111111, 111 11111111 111 111111 &menne 11111111
111111111111111111111, 111111111011111111 11111111 iam 1111 sereno, 1111111111 11111
1111111111 111111111111 1111111111 worden oneum 11111. 111111111111111111111111
11111. 11 1111111111111111111111111111- 8111111 1111111111, 11111 ’1111 11111111 111
1111111;.11·11111,111 111111111111111. 111111111111 111111111111 11111111111111-
sehon 11111111. 14, p. 111111 1. 1111111. 11111 11111111111111111111111111111111111111-

. 111111111111111.1.481111111111),1.111 111111111111111,1.11 (11111. 1. 1,21ι 111

111 1111111111 111111111181111111111 111111 1111111111111111, b. 1. 8, 4111 eun-dimne 1111,
1111111111 1111111111111111 111111111111. Sn 1111 endere 11 111 111111111111 8111111111 11-
111111111111. 1, 111121 1111 11111111 cure 11111-1111111111111111111111111111111-
mursae Georg. 11111 1111111111111111111- 111111111111111111111111111 11 1111111111 n.
1111111 miris 1111111111111111 1111111. 1111111111111111111111111111 1111111111
11.1,441;,111111111111 11111 1111111- 11111111111111111111111. 8111111111111-
1111 11111111111111111111111111. lb. 2, 1211 11111111111111111111,1111111111-
, 11111111 111111111111111111111,11111 111111111111111111111011111,1111·
1111111111 memmeoneinoet. 1111112511 1111 111 1111 111111111111111111
prim· 1111111111 11111 ee 11111, 11111 1111111, 1111111111 1111111111111111
1111. 1111. 1441 quia? 1111 11 pura 1111111 1111111111 1111111111 111, 11111111
11111111111111111111111111111115211 111 snb 111111 111111ς1 111 1111111111
11111111 positae 111 111111 11111111 tenebam 1111, 11111181111111111111111 numm
11111. 11111111111111111111111 111- 111 111111 111 dem, der 11 111 81111111 111
1111111111111111 111111 111 nocte 11111111 1111111111111111111111111111111111111111
1111111111 11111111 stratis. 11. 1, 15. 1111 11111 111111111111-111111111111111111111111-
111111111111111111111111111 11111111· 111111 1111111111, 111 ipen 1111111111 111
1111111111 sera 111 111111111111111. 11. 1111 1111111111, 11111111 111111 11111111 1111-

11, 4111 unasub noete inauli 81111 111- 1111111 1111111111 111 protentio nne 1111111-
1111111111111111 1111111111 11111111.- 0111. 11111, 111111111111111111. 1111. 1111111111 111
1111113, 14,1; 1111111111 1111111 111111 111 1111 111111111111111111 1111111111 11-

111111111111111111111111, en.4‚500: 111111111111111111111111111111111

11111111 11111111 111111 111111111- 111111111111111111111111. 111 11111111 111 1

11111111111111111111 14, 11111111) 1111 111 mie 111111111111 11111 1111111 1111 11111 1111
11111 1111111111111111111111 ante 11111111, 11111 1111111111 1111111111, 11 ’111 111 Ene-
111111 11111111 1111 111 111 11111111111111 111111111111111111111111111 andern Benn-
1111 1111111. 111 111 1111111111 111 11111- 1111111111 1111 1111111111 1111111111. 01-

md 1111111115,121111111111111111111 111111111111111ω111111111110111

 

