116 6. 6611616611 vu. 16. 11.
611161166,6666616666616161116666616166666166

1161611166, 66 61116111 61611, 1666 1116161 16616 · 1116 1661166111661661161111,1166 116-
11666 61666 Audaces 1161166 sagea 661166, 166161 661 1661 Pecs von 11616111
616 dees 161 66616666 6611161 6611611166 durch 166 66111116 1616166 661, 116161
666161616161661666116611111166661;616616· 166616 16111 1161616616, 1666 116 6161166
16161161611166611666616111666161161161 661 11616666 116 11161 van 11661166 116
8116116 661 Curtius 11661161111616161616611, 1116616616 16111666166161 16 16116161 11616
1116 1611616661 6661611616 van Ghizni vmnlesscn 116666, desa 1611 Prome·
11611166616166116161116661666. S. 111666 61661 1616166611 genesen 661.
1111161 111111. 6, p. 111. von 6111661 66611 11666 1. 6. 616 16111166616161666116666·
(1611111 11666 men 611661611616616661 'rege 16166 66616111. 1116661616166116661111866-
gelengen. S. 1161161 11661. 16146. 1116111 11161111161166 161166166 61116166161161
6166 61611166666161111161166, 1161166616 Barnea 1161. Τ. 61116166 Baneean 16
11611661 11616611 mit 616616 grossae 116616 celebrated 161 11166166661 11616666 166-
66161166116166616611116166161611111616666 namen-able 66666611666, 6611616166 16
zu 1161616166 116116, aa 16111 6166 66 616111 166666 16 611 pam 61116 callen, 166
66666166661611611116166,166616111616611 61661 61111 161166, 661 61111 (am 116 66-
· 11161661 613661116166 (16111116 gagen 6166666111616661661161161116116116161166
1666111161616666611111116..11666111 1161 are 661161 8666666111 116 mn
1116166611 wohl 6666116166 11111611, 61666116- 116166166 1111 16 116 61111116 61 116
nuder 1666116111. 6166161611616111 callen 16 16116 16661666166111 cnm
6661161161, 6636111111 16161666616161 661 11161616 6616666166166 116 16611611-
161611116611116166116161116 661. 166 61 Almanam 1161611666 1116 called
, ι11161161161666116613616661116116,61111661 116 611610161116616,6616666161161
,6616161116166161161161611 1161661616· e continued eucnemon 61 66666 cn

81611 66366666, 1111111161 161111 es wieder 66 every 6116661166, 161161 are 1611 16 nece
. 616661 bestimmten zcugaiss. 11666 6666 6666116 66616161161 nanee-rute& 116
6116166 F. 11. 6111111161 p. 166 concinet 11116 61 11666666 arc 1666666 61 1616666161
mara 6666611616 1166661 61116111,166161 conmanentes, 661161 renam 11616 66-
11611166 16116116,66116661661116161116 en· 66661166 6 66116611111661116611ω 161116
derce gement 6616, 616 161 166116666616116 areas 661661 16 66116111 nas men 666161,
161661161111611661166116166(61611131, 6661166 6116661166. 116661 ace dea an 1611
16116 6166 616616161111111 1116116111 bel 61161 61116 661161, 6661 116 creater 66666166
1112631 666666 vapor 6661161 66116 aa· 116 66116 northern 1666, 61666616661116
616111, varens 1161 6116166 1. 6. p. 166 161 16611;61161611661161 semanimem 6111
6611666166616116111116616611166666616116616 1616161666 are frequently 11661 16 aie 16
1166111661 descenderat, 6611161661111166 11666· 66111616 6661161666666616111 61696,
16661111, 611161611661 segem 1666 61616111 661166,66166,616. 1161 1666661116 (161611
1116161166, 16 161 1111166161 66611 1161611161Λ acar 0616 emanatione, 661 ere 61 a 16166
6616616166111616666111616 6611116611. 1616 1166116 61661116166116661, 11666
166661166111611 661661661111111611116161 6666661611 cacee 66166666, 1666 na 166166-
1111616116166611616111166666111116611161- nanc 16 architectura! 61666661, beina ne
161. 1161166161611611611116116166· 6661166696666616166161161111 &aa
161 zum Ucbergenge 166 11616 166 6111666666 11616161 16116 6161661616666,
’1116161666 161116166611616111116- 661 hace 6 caraea 111616 balaa 116 pm,
6111161666616, 616 161 1111116111. So 16666 6611611116 666616 aprinae. 1161616-
, 161616166611616166666116116611661616 1116611 1611 many remarkable 16166 61 116

111616111116, 66116166161616611166661161 caves 61 Demean: ane 16 panicula, 1161
6611161166661611111616611111161116,661616 6 6661166 161 1611 166 61111 anana 11666,
116166166166116666661661166166. S. 6616666661116116661616661166166166161
1161161 1166111. 116. 116 666 6661 1161161 116 1661616,66616611616116661,·161 1116111
1111111611 6661161166 661 1161· 6161 cent cenccy 66 1166 61116 661661 61 116 eom.
116661616616616611116611661161611616 11666 are excaecatione 66 61111166
November, 1166661161, 166661, 1³0- 61 1161616111 66116166116166161666,
111661 661 1661616611 des 1111116616 16116 6611666161111 1161 quanm.
16611616 dee October, 66 11161611 666 (Ρ. 1611 116 11166116 11616 61 16-
11161116 6666661666, dees 116166161· ennean) 6661111611661116166,666616
11616 mre 6161 eatenus Apri! 661 661 61661616· 116 ane 666661 sanc, 111
111661 616661, 66116116 6116111616· emer 8161666166. 116 11116666 are 661
’166 wege 111161 166 66111116 gesen· 16 6116 6611666 66116161661116 1111,
sce 661 661 represent 1666 66166661 {macen

 

