’ 11 1111111111111111111.
erat-‚Wwffleangoetiiwiusooeupfimtpffidiomdioeoeffl 1111

11111111 111111 111 1111 1111111111, 11111 1111111111. 11111111 1111111111 11-
11111 111111111111 1111111111 111111 111 1111111.1111111.111111111111.1.88111111111,
111111111811111181111111111111111111 1111111111.111111111.1. 141. 11111. 1111
ι1111111111111111. 1.11111111,1.1.4111.111 11111111111111111111111 11111 1111111111
11111111 1111111111111111 1111111-11-111- 1111111 1111111111. von 1111111, 11111111.
111,1111111111181111111111111 11111111 11111- 11111 111. 1111 11 81111111, 11111111 11111
11111111 11111111111111 111 11111111 1111. 11111111 11111111111111111111111111111
11111111, 111 11111111 1111111111 11111111. 11111111. 1111111111. 111 11111111. 1111111
8. 11111111. 1. 114111. 1111111 111 1111111111, 1111111111 und 111111 111111). 11111111
11111111111111111 811111 1111111111 (111 11111111 11111. [1111111111 1111 1111111 111111111111
111111111111118111111111)111111111111111111 11111111. -111111111111111111111111 111111
1111111 111 1111111111111111111111,111,111- 1111111111111111 111 1111 11111111. 1111-
111111 111111111111111 111111 1111111111 her 111111111111 man 11111 11111111 1111
111111 111111. 1111111111 aa 1111111111. 111111111811111111111111111111111111111
111111111111111111111 11111 1111111111,1111 1111111. 81 Ι11111111111111111.111811111
11 in 11111111111 11111 hin 111 1111111111 p. 111111111111111111111111. 11111 1111. 11.
111111111111,1111111111111111111111111 1111111,11111111111111111111. 1111
11111 111 811 1111111111 111111. So Po· 111111111111111 11111111 111 111111111111
1111111. 11111 111 111 11111111 11111 1111111, 11111111 111 11111111 11111111.
anima 11 111 plain. 1111111 1111111- 111111. 11111 1,4,11111111111111111111
sends 111 1111111111 111 ganzo 1111111 111 1111111111111111111111111 1111 111111 111
111111 1111111111 bezeichnen 1111111111 11 1111111111 11, 11. 1111 11111111.
111111111111111111111111111111111111111111 111111111111111 111111, 1111 11111111 1111,
1111 11111 1111111111 mit 111 111111 111111 p. 1111 11111111 1111111111 1111111 1111 1111-
111111111111111111. 111111 111111111111111 1111 1111111111 1111 111 111111 1111111 und
11111.111111111114111811111111- 111111111111111111111118111111111111111· ·
’ 111111111111111111111111111111114811- 11111 (1111111 1111 11111111 Mensis 11111
1111111111111 111111 111 Polybius 111 zu 1111111 und 1111111111 111111111111111111111,
1111111111, 1111 111111 Mnus 1111 11 11111 1111111111 1111111 11111111 111 111 111111111111
111111111111111111111111111111111- 11111111111111111111111,1. 1111111 111111.
11111111111111111111111 nur 1 oder 1111 1111111111. 111. 11111111. 1 4111111111·
11111111111,11111111111111111114811- 111111111. 11111. 111111. 211111 111111111-
1111.111111111111111111111111(1111111- 111111111111) 1111111111 1111111111). 11-
1111111111 111 1111111111111111111111 1111111 111111 1. 1111 111 11111111, 1111111111
1111. 11111111 111,11 1111 1111111111 1111111- 11111111111118111111111111111111, 11111
111 1111111 11111, 11 1111111 111 111111 1111111111111111111111111111,1111,11111111
1111111111111111111111111111111111111· 1111 111111111111 11 111 1111111111 111
11111111111111 11111111 11111111 11111 vird. weges 11111111111111111111111111111111111
1111 aestimans 111 1111111111 1111111111 11111 gerunden 111111 1111, man 1111111111
1111111111111111111111111111111111111111 1111111111111111111111111111111. 1111
[1111111111111111118111111111. 511111 11111111111111111 11111 1111111111111 111-
111111 111111111111111) κατ’ 1111111111111111111.11,1148111.111111·
11111 111111 1111111111 111 1111111111 111 111, 1111111 111111. 1111111111. 111111, 111
11111111111111111111111111111111111, 111111). 111 1111111111 11111111 1111111111
11111111 (11111. 111111111111111. 11111111111111111 11111, 111111111111-
1111113,1111111111.1111111111.1111.1. 11111111 1111 dass 1111 lusus 111111· nm·
1411,1111111111811111 111111111111111. 111 111111111111111111 (11111111111111111
1111111111111111111111111111111.111 11111111111 1111111111 1111 1111111 11111.
1111111 1111 11111111 11181 111111 1111111 1, 4, 4· 11111111( 111 11111 111) 1111111111
ρο11111111111111111111111111111111- 111111111111111111
11111 1111111111, 1111111111 preserved 111 Κιλικίας 1111 111 Σ 1111111 11 111111111-
11111111 name. 11111 11111111 11111- 111111111111811111111111111111 1111111
111, 1111 1111111 words 111 11111 md 111 M. 1111111111111111111111111111111111 Pom
' 111 11111111 sarm (111111111111 vase), gesueht 1111111, 1111 ι111111111111111111111
11 1111111 thoy 1111 11111111 11 1111 Tum 111111111111111111111111111111111111111
from 1111 Greeks. 11111 11 now 111111 111-11111111111111111111111111111,1111-
111, 111 11111 or 1111111 111111111- 111111111111111,111111111111111151111-
11111111111111111111111111111111111111, 111111111111111111111111111. 1111 111
1111111111111111111.111111111111111 xenophon 1111111111111111111111111 Mer·
1111111111111111111, Ptolemaeus 11, 11. 1111. 111111111111, 111 1111 411111. 1111111111
11111 1111111 111111111 1111111111. 111111. Χ, 1111111111 111111 11111111 111 111111 111111 11-

 

