11111 Q. 1111111111111. V. 11.
quod unum (1111111111 111111111111111111111111111111111111111111111111 11111111

111111111111111111111111.111111- 1111111111111111.111111,11111.
1111111.1,11.1Τ.1,121111111111 111111111,1111111111111111111(1.111111111.
111111 1111111 11111111 Temedavoclffamdo 1111111111011111111111111111111. 111·
111 1111111111 111111111111 11 1111 (11 111, 111111111111111111111111111111111111
11111111 1111111111 111· 111 1111111111 111111111111111 1111111. 21111111 111111
11111111111111111111111. 11111111 (111111111111) 1111111111 1111111111Τ111Τ.
Ι 211131Τ. 1,1.138111111111111111111 2,1).1118.1211111111(11111111111111111111 111
111111111111111111111111111111111 111111111111111111111111111111 ud· (11
1111111, 111 111 1111111111 11111111 111 1111111111, 111111111111111111111111 111111,
111111 1111111111 11 1111 (11 1111111111,11111·1111111(1111111111111111. Pem-
111-. Ε1111.1.4,11.2Τ.3, 1112 11· 111111111111111111111111111111111111111
1111111111 111111111111111, 11111111- 1111. 1111111111111111111111111.-11111
1111111 11 11111 (11 1111111111, 1111111111 11 Alexander (1111111111 1111111111111111 11-
11111111 1011111 11111111 1111111111111111 111111 11111 111111, (111 111 munimen 11111
111111. 1311. 8111111111111,11111111111, ziela 1111111, 11111 1111111111 tanmem
11111111112, 1. 11181» 111 11111· 1111111 11111111 1111111111 11 (111 11111111 111111
1111 11 11111111 11 11111, 111 111 11111Τ111111111111111111111111. 8. tud
11111111111111111111111111111111 111, 21, 11. 111111111111 uestinum
111111 11111111111,111111111111 111111111111 11111111111111111111111,
1111 1111111111 111111 11111111111111111111111 111111 es 1111111111 11111,1111.111111 1111-
1111111111111111 1111,1111111111111 111111111111111111111111111113,211
11111 1111111111 111 1111111111. ,11111111 of 11111101111111,111111111111111111111111
111111 11111 1111111 1111111111 01111111 1111 1111111 δὲ 111111 ωἷὲνοὺπόῤῥωῆἓ
111111111111111111111111111111111111111111 (11’ ος, δ τὸν

temporam 1111111111 1111111111 111 1111111111 ὧν 1111111111, 11111111
111111111111111111111111111111111 111111111111Σ111χ11111 ‹iay-56?¹
111- -111111111111111111Δ11111111111111 111111 11111) 111111111111111 11111Ιέ
1111111 von 11111111 11 (111 11111 (111 1111121111111111111111111111111111111
11111111) 1111111111 11 stam 1111 (1111111111 bo· 1111111111 (11111111111111,(1111 11111111 1111
11111111111Τ2,1.1111’.1118111(11111111111 1111111111111111111111111111, (111111111111
111 1111111111111 1110111111 111-11111111111,1111111111111111111111(111
111111 111111, 11111 1111 (11 111 amount 11 111111111111111111111111 111111 (1111 nn
1111 1111111111 111 11111 11 111111 11111111 11111111111111111111111111), (1111 nem
lor 1111111111 1 11111, 111 supply 11 111111111111111111111111) 111, 1111111111,
11111 11111 1111111111, (1111 [1111111111 11111111111111111 (11111) (111 0111111111
111111 11 111111 11111 11111111 1111111 o( 111111111111111111111111111111111 1111-
111 11111, 1111 111 111111111111111111111 1111111111,(111111111)111111111111111-
1111111111111.Ρ11.1181111111111111111 111111111111111111111111111111·
1111111· 11 111 111111 1111111111· 11111111 11 111111 1111111111 111111111111 111-
1111111111111111111111111111 1111111111 111111111111,11)(1(11111111111111
mod, (1111 11 (1111 111111111111111111, 11 huppen 11111111111111111111111111111
1111 111 1111111 (11111111 111111 11 1111111111(11111111111111111111111111
1111 11 111 111111 111 11111111 1 11111111111111) 8111111111 111 11111111.
11111111, 11111111 11 11111 (11111111 111111111111111111111110111111111111
11 11111111,11111,11 111111 11. 11111111, 11111111 1111111111111111111111
111111) 1111 1111 Alexander zu 1111111111) um 111111111111111111 1111 don vel·
11111111111111111111111111111,1111 1111 1111 11111111 11 (111111) (deun 11 1111
. 11111111-11111111 1111111111 1111111111 1111111111111111111111 111 11111111. n.
111111111111111111111111111111111111111111) 01111112111111111111111111111111
· 11111111111).11.1111)111.2,1.11111.1)11 11111111(111011111111111111111, 11-
111111111111111111111111111111111111,1111 11111111 11111111 gelum und (111111
01111111111111111111111,1111111111-1111111111111111111111111181111-
111111111111.8.11.1111 1111. 1111111111 m 1111 81111111 1111111111,111
11111111 111 (111111111111111111) 811111111111) 1111 1111111111 111111111111111111
111 1113111111 111. 8 Ebu 1111111111. m 1111111) 111111111111111111 1111111-
211121113111111111111.1111811151, (1111111111111111111111111111111111

’ Ι.1,11.21·Τ.1,1.1111,1.1,11. 2111.1,.1 1111111 11111111 1111111111) 11111111, 1111

182, 11,.1112Τ.11,112,1.4,11. 33Τ. 111). Alexander 111111111111111111111,111(111
112,11111ο111(1161111111111111. 11111111 (111111111111111111111111111111111111
1111111111128, 1111111111 (1110111111111 111111111111111,1111111111111’111111 1111-

 

