,1111111111111111111111 ν111 Ι
111111111111111111111111111111111111111111. ’

1111111111 11 111111 gneum 111111111111 111111. 1111111111 11111 mn 11111111111
11111111. 1111111111111111111111111111. 1111111111, 1111 11 11111111111 1111111111·
111141 111111111-11111111111111111111 1111 111, 1111 1111111111 1111111111
11151111111111111111111,1111 11111111 1111111111111111111111111111- '
111 1111 1111111111111 1111111111. - 11111 1111111111 11111 111 111111111111
1111111111 111 un 1111111111 111111 11111111 111 11111111 1111111111 111. - 111111
11 1111111-111111. 1111111111 111111 111111 11111111, 1111 11111111111111111111111
111111111111111 1111111 o( 1111111111 11111111113111111111111 111111 Win-

111111111111,111111111111111111,11-1111. 11111111.11111111111,1.121.111(1115), ·'

1111111111111111111111111111111111111111, 11111111111111110111111111111111111111111,
11111111νο1-11111111111111111111. 1111 1111111111,1111111111111111111111111111
111111111111111111111111 1111 111 11111 1111111111 811111111111111111111111111» ,
After 11111111 1111 11111, 111 [111111 111 1111111111 1111111) 111 §oinium 11111111 nuh·
111111 111 111111 1111 1111111. 81111111 11111111111χ1γ11κ)11111111111111181111
11111111111111111111111111111111 1111 11111111 111111. 11111111 1111111111 auch

- 1111 11 1111111111, 1111 111 111 111111 1111111111111111 1111111111 1, 11, 18.

, 11111111111111, 11111 1111111111- 11121. 11, 1111111111 111111 1111111111 111-
)111111111 111 1111. - After 111111111111 111111111111111111111111111. 11111111111111
111 1111 os 1111111, 111 1111111111 11 111 111111111111,1111111111111111111111,1ΙΙ111
111111 ot 111 1111, 11111 111111 11111111 11111 11111 1111111111111111111 1111 1111111111111
1111111111 mm 11111111, 11111111 11111 111 1111111111111111111111111111111111111111-’
1111111111 1111111111. 11111111 111 111 111111 11111111111111111811111 111111 Curtius 11
111111 111 11111 11111111 1111 11111, 1111, 111111 &mimium 11111. 1111111 1, 11, 1.
-mue 1111111111 111 1111, 11111111 1111111 11 1111111111 nur 11111111 Manen im 11111111-
1111111111 11 1111111 1111111111. 111 11111- veltet. 1111 11111111 1111 τὸν 1111111111 11
11111 1111 11111 11111 1111 111 111 mm 1111 1111, 11111111111111118111111111111111
1111111111111111111111. 1111111111 11- 1111 11111111111111 111 1111111111 einer
1111 ‘and 111111 111 111111 11111111 111 1111111111 11111111 11111111 nicht. 11111
11 111 111111 111111. Bm 11111 111 1111111 1111111111,11111111111.11 111·
111111111111111, 1ο 11111111 o( 1111· 11111111 sem ’11111 111 1111111111 memnon 11-
111 1111111111111 111 read 11111 11111111 11 11111111111111111111 11111, 11111 11111111
1111111111. 1111 111111 1111111111 11 111111, 1111111 1111111111 1111111 11111111111111
1111111111111111111111111111111111. mmmmm 11111111. Alexander 111111
11 1111 mu 111 11111111Κ1111 1111111111 1111111111 aegon Eudo 1111111111. «Β.
11 111 oppam 111111. 1111111111 ww 1111111. 111111111111111 1111111111

1111111111 111111 11111 11111111111,1.111 111111111111111111111111111111111. Β. ’

1111111111111111111111111111111, 11111. 11, 81: ὀλίγαις 11111111. 111111 111
1111111111111 Τ1111 111 1111111111 11 unse 1111 11111111111111111111111 111 zu
1111111111. 111111111111 1111 11111111 ot 111 811111, 111 111111111 111 81111 1111111
θ1111111111111 111 11111161111111111111 11111 es 111 111 11111 1111111 111111111111-
11111111 1111111111, 11 11 1111 111 1111 111 gnbe- 1111111 1111111111 Ι. 1. 1131111111·
,1111 Pisae 1111111111 1111111 1111111111 11. 11111 11111 1111111111111111111111111111111
1111111111. 1. 1311. 11111111 1111111111 11111 ab 1111111111 1111111111 11111111 11111111
1111, 1111 111111 111 111 11111 111111 gude 1111 [111111 111 1111111111 11 por 11111111 1²0.-
111111111111111 11111111 1111111111. 11111 mmmmm, 1111111111 111-11 1111-
111111111111111111111111111111111111111. 111111 1111111111 eadem 11111111, 11
p. 111 11111111111111 1111111111, 1111 11111111 111111111111111111111111111111111111111-

Ρι111111111111111-1111 1111111111111 1111, indam 111 1111111111 1111181111 111111 ·

111111111111111111111111111111111011111- 1111111 111111 1111 11111111, 11111111 in
1111111 11111111111111. 1111111 111111- 1111111111111111111ι11111111111111111-
1111111111111111111111111111 1111 111 1111. 1111111111 11111Ιί11 111111 1182 1111
1111111111111111111111111111111111111111- 1111 curtius 1111 1111111111 1111111 11111-
11111111111111,1111111111111111 1111111111 1111111 111 Ρ1111111111111 1111111111,
Tho! 1111111111111111111111111111111111· fflm 11 e„ 81 tort: 11111 11 ταῦτα 1111111111
menen 1111111111 111. 1111111111111111111111 111111111111111111111111111111111111, 1 11-
111111111111111111111111111111111111 111 Παροπῴωονᾰροςπροοη ’ ,1111111
1111111111 N. 111118. 1111111111. 1111 τοῦτο 1111 111111 baem* 11111111
8.11.11111111111111 1111111, 111111 1111111111 1111111111 111111 111111 1111 1311111111 111
ungentum 111111111111111111111. vergi. 1111111111ς11111111111,ἣ1 1111111111-
111111 111111111111111111. 11, 1111111 Μ, 11111111. 11111111111111111111111111111 111·

 

